[data]


path1=(
    (1 2 1)	
    (2 2 3)	
    (3 1 3)
    (4 1 6)
    (5 4 6)
    (6 4 2)
    (7 6 2)
    (8 6 4)
    (9 8 4)
    (10 8 1)
    (11 11 1)
    (12 11 3)
    (13 9 3)
    (14 9 5)
    (15 11 5)
)

path2=(
    (1 2 1)	
    (2 2 2)	
    (3 11 2)
    (4 11 4)
    (5 3 4)
    (6 3 6)
    (7 11 6)
)

path3=(
    (1 2 1)
    (2 2 4)
    (3 5 4)
    (4 5 2)
    (5 7 2)
    (6 7 1)
    (7 11 1)
    (8 11 3)
    (9 8 3)
    (10 8 5)
    (11 11 5)
)

path4=(
    (1 2 1)
    (2 2 2)
    (3 1 2)
    (4 1 6)
    (5 3 6)
    (6 3 1)
    (7 5 1)
    (8 5 6)
    (9 6 6)
    (10 6 1)
    (11 8 1)
    (12 8 6)
    (13 11 6)
    (14 11 5)
    (15 9 5)
    (16 9 3)
    (17 11 3)
)

path5=(
   (1 2 1)
   (2 2 2)
   (3 4 2)
   (4 4 6)
   (5 6 6)
   (6 6 4)
   (7 9 4)
   (8 9 5)
   (9 11 5)

)

path6=(
   (1 2 1)
   (2 2 2)
   (3 4 2)
   (4 4 6)
   (5 6 6)
   (6 6 2)
   (7 7 2)
   (8 7 3)
   (9 9 3)
   (10 9 2)
   (11 11 2)
)




#1.loading界面字体描边
#2.skip
#3.ui字体描边（金钱，wave）
#4.战斗开始，game over
#5.升级，建造，变卖金钱显示字体描边
