[stage]

out1=(
	(5 1 20 0 14 0 0 0 0 0 0 0 0 0 0 0 0 0 0 0 0 0 0 0) #波之间间隔 每波兵之间间隔  兵数  出兵顺序1-20
        (5 1 20 0 34 0 0 0 0 0 0 0 0 0 0 0 0 0 0 3 25 3 3 3 3) #波之间间隔 每波兵之间间隔  兵数  出兵顺序2
	(5 1 20 3 35 3 3 3 3 3 3 3 3 3 3 3 3 3 3 3 3 3 3 3) #波之间间隔 每波兵之间间隔  兵数  出兵顺序3
        (5 1 20 0 54 0 0 0 3 45 0 3 0 3 0 3 0 3 0 3 0 3 0 3 0) #波之间间隔 每波兵之间间隔  兵数  出兵顺序4
       (5 1 20 0 74 0 0 0 0 0 0 0 0 0 0 0 0 0 0 9 66 9 9 9 9) #波之间间隔 每波兵之间间隔  兵数  出兵顺序5
        (5 1 20 9 76 9 9 9 9 9 9 9 9 9 9 9 9 9 9 9 9 9 9 9) #波之间间隔 每波兵之间间隔  兵数  出兵顺序6
       (5 1 20 0 94 0 0 0 0 0 0 0 0 0 0 0 0 0 0 0 0 0 0 0) #波之间间隔 每波兵之间间隔  兵数  出兵顺序7
       (5 1 20 3 71 3 3 3 3 3 3 3 3 3 3 3 3 3 3 3 3 3 3 3) #波之间间隔 每波兵之间间隔  兵数  出兵顺序8
      	(5 1 20 0 114 0 0 0 0 0 0 0 0 0 0 0 0 0 0 6 171 6 6 6 6) #波之间间隔 每波兵之间间隔  兵数  出兵顺序9
       (5 1 20 6 191 6 6 6 6 6 6 6 6 6 6 6 6 6 6 6 6 6 6 6) #波之间间隔 每波兵之间间隔  兵数  出兵顺序10
	(5 1 20 0 171 0 0 0 0 0 0 0 0 0 0 0 0 0 0 0 0 0 0 0) #波之间间隔 每波兵之间间隔  兵数  出兵顺序11
        (5 1 20 0 211 3 158 0 3 0 3 0 3 0 3 0 3 0 3 0 3 0 3 0 3) #波之间间隔 每波兵之间间隔  兵数  出兵顺序12
	(5 1 20 3 178 3 3 3 3 3 3 3 3 3 3 3 3 3 3 3 3 3 3 3) #波之间间隔 每波兵之间间隔  兵数  出兵顺序13
        (5 1 20 0 251 0 0 0 0 0 0 0 0 0 0 0 0 0 0 0 0 0 0 0) #波之间间隔 每波兵之间间隔  兵数  出兵顺序14
	(5 1 20 0 291 9 220 0 9 0 9 0 9 0 9 0 9 0 9 0 9 0 9 0 9) #波之间间隔 每波兵之间间隔  兵数  出兵顺序15
       (5 1 20 9 240 9 9 9 9 9 9 9 9 9 9 9 9 9 9 9 9 9 9 9) #波之间间隔 每波兵之间间隔  兵数  出兵顺序16
       (5 1 20 0 331 0 0 0 0 0 0 0 0 0 0 0 0 0 0 0 0 0 0 0) #波之间间隔 每波兵之间间隔  兵数  出兵顺序17
       (5 1 20 0 371 6 556 0 6 0 6 0 6 0 6 0 6 0 6 0 6 0 6 0 6) #波之间间隔 每波兵之间间隔  兵数  出兵顺序18
	(5 1 20 6 636 6 6 6 6 6 6 6 6 6 6 6 6 6 6 6 6 6 6 6) #波之间间隔 每波兵之间间隔  兵数  出兵顺序19
        (5 1 10 0 441 0 0 0 0 0 0 0 0 2 13230) #波之间间隔 每波兵之间间隔  兵数  出兵顺序20
	(10 1 20 3 495 3 3 3 3 3 3 3 3 3 3 3 3 3 3 3 3 3 3 3) #波之间间隔 每波兵之间间隔  兵数  出兵顺序21
        (5 1 20 0 660 0 0 0 0 0 0 0 0 0 0 0 0 0 0 0 0 0 0 0) #波之间间隔 每波兵之间间隔  兵数  出兵顺序22
	(5 1 20 0 740 0 0 0 0 0 0 0 0 0 0 0 0 0 0 0 0 0 0 0) #波之间间隔 每波兵之间间隔  兵数  出兵顺序23
        (5 1 20 9 550 9 9 9 9 9 9 9 9 9 9 9 9 9 9 9 9 9 9 9) #波之间间隔 每波兵之间间隔  兵数  出兵顺序24
        (5 1 10 0 820 0 0 0 0 0 0 0 0 2 16400) #波之间间隔 每波兵之间间隔  兵数  出兵顺序25
	(10 1 20 0 900 0 0 0 0 0 0 0 0 0 0 0 0 0 0 0 0 0 0 0) #波之间间隔 每波兵之间间隔  兵数  出兵顺序26
        (5 1 20 3 675 3 3 3 3 3 3 3 3 3 3 3 3 3 3 3 3 3 3 3) #波之间间隔 每波兵之间间隔  兵数  出兵顺序27
	(5 1 20 0 980 0 0 0 0 0 0 0 0 0 0 0 0 0 0 0 0 0 0 0) #波之间间隔 每波兵之间间隔  兵数  出兵顺序28
        (5 1 20 9 735 9 9 9 9 9 9 9 9 9 9 9 9 9 9 9 9 9 9 9) #波之间间隔 每波兵之间间隔  兵数  出兵顺序29
        (10 1 10 2 19600 6 1470 6 6 6 6 6 6 6 2 19600 ) #波之间间隔 每波兵之间间隔  兵数  出兵顺序30

)


sceneInfo1=(#0 初始金钱 1初始塔摆设 2初始障碍物  
	(0 350 30)	#金钱数
	#(1 0 0 54)	#塔种类 等级 所在格
	(1 0 0 62)	
	(1 1 0 41)
	(1 2 0 51)
	(2 4 1 1 13)	#障碍物类型 识别ID 格子数 所占格子ID
        (2 9 2 1 15)
	(2 9 3 1 27)
	(2 9 4 1 17)
	(2 9 5 1 19)
	(2 16 6 4 65 66 77 78)
	(2 15 7 1 31)
	(2 9 8 1 43)
	(2 1 9 1 67)
	(2 1 10 1 79)
        (2 7 11 1 34)
	(2 15 12 1 81)
	(2 7 13 1 82)
	(2 6 14 1 83)
)
out2=(
	(10 1 20 0 20 0 0 0 0 0 0 0 0 0 0 0 0 0 0 0 0 0 0 0) #波之间间隔 每波兵之间间隔  兵数  出兵顺序1-30
        (5 1 20 3 25 3 3 3 3 3 3 3 3 3 3 3 3 3 3 3 3 3 3 3) #波之间间隔 每波兵之间间隔  兵数  出兵顺序2
	(5 1 20 3 40 0 50 3 0 3 0 3 0 3 0 3 0 3 0 3 0 3 0 3 0) #波之间间隔 每波兵之间间隔  兵数  出兵顺序3
        (5 1 20 0 80 0 0 0 0 0 0 0 0 0 0 0 0 0 0 0 0 0 0 0) #波之间间隔 每波兵之间间隔  兵数  出兵顺序4
	(5 1 20 9 60 9 9 9 9 9 9 9 9 9 9 9 9 9 9 9 9 9 9 9) #波之间间隔 每波兵之间间隔  兵数  出兵顺序5
        (5 1 20 0 110 0 0 0 0 0 0 0 0 0 0 0 0 0 0 0 0 0 0 0) #波之间间隔 每波兵之间间隔  兵数  出兵顺序6
	(5 1 20 6 165 0 140 6 0 6 0 6 0 6 0 6 0 6 0 6 0 6 0 6 0) #波之间间隔 每波兵之间间隔  兵数  出兵顺序7
        (5 1 20 3 127 6 220 3 6 3 6 3 6 3 6 3 6 3 6 3 6 3 6 3 6) #波之间间隔 每波兵之间间隔  兵数  出兵顺序8
	(5 1 20 0 170 0 0 0 0 0 0 0 0 0 0 0 0 0 0 0 0 0 0 0) #波之间间隔 每波兵之间间隔  兵数  出兵顺序9
        (5 1 10 0 200 0 0 0 0 0 0 0 0 2 6000  ) #波之间间隔 每波兵之间间隔  兵数  出兵顺序10
	(10 1 20 0 300 0 0 0 0 0 0 0 0 0 0 0 0 0 0 0 0 0 0) #波之间间隔 每波兵之间间隔  兵数  出兵顺序11
        (5 1 20 3 225 3 3 3 3 3 3 3 3 3 3 3 3 3 3 3 3 3 3 3) #波之间间隔 每波兵之间间隔  兵数  出兵顺序12
	(5 1 20 0 340 3 255 0 3 0 3 0 3 0 3 0 3 0 3 0 3 0 3 0 3) #波之间间隔 每波兵之间间隔  兵数  出兵顺序13
        (5 1 20 0 380 0 0 0 0 0 0 0 0 0 0 0 0 0 0 0 0 0 0 0) #波之间间隔 每波兵之间间隔  兵数  出兵顺序14
	(5 1 20 9 305 9 9 9 9 9 9 9 9 9 9 9 9 9 9 9 9 9 9 9) #波之间间隔 每波兵之间间隔  兵数  出兵顺序15
        (5 1 20 0 420 0 0 0 0 0 0 0 0 0 0 0 0 0 0 0 0 0 0 0) #波之间间隔 每波兵之间间隔  兵数  出兵顺序16
	(5 1 20 6 630 0 460 6 0 6 0 6 0 6 0 6 0 6 0 6 0 6 0 6 0) #波之间间隔 每波兵之间间隔  兵数  出兵顺序17
        (5 1 20 6 710 3 350 6 3 6 3 6 3 6 3 6 3 6 3 6 3 6 3 6 3) #波之间间隔 每波兵之间间隔  兵数  出兵顺序18
	(5 1 20 0 500 0 0 0 0 0 0 0 0 0 0 0 0 0 0 0 0 0 0 0) #波之间间隔 每波兵之间间隔  兵数  出兵顺序19
        (5 1 10 3 405 3 3 3 3 3 3 3 3 5 12000  ) #波之间间隔 每波兵之间间隔  兵数  出兵顺序20
	(10 1 20 0 750 0 0 0 0 0 0 0 0 0 0 0 0 0 0 0 0 0 0 0) #波之间间隔 每波兵之间间隔  兵数  出兵顺序21
        (5 1 20 3 563 3 3 3 3 3 3 3 3 3 3 3 3 3 3 3 3 3 3 3) #波之间间隔 每波兵之间间隔  兵数  出兵顺序22
	(5 1 20 3 580 0 790 3 0 3 0 3 0 3 0 3 0 3 0 3 0 3 0 3 0) #波之间间隔 每波兵之间间隔  兵数  出兵顺序23
        (5 1 20 0 850 0 0 0 0 0 0 0 0 0 0 0 0 0 0 0 0 0 0 0) #波之间间隔 每波兵之间间隔  兵数  出兵顺序24
        (5 1 20 9 640 9 9 9 9 9 9 9 9 9 9 9 9 9 9 9 9 9 9 2 14400 ) #波之间间隔 每波兵之间间隔  兵数  出兵顺序25
	(10 1 20 0 890 0 0 0 0 0 0 0 0 0 0 0 0 0 0 0 0 0 0 0) #波之间间隔 每波兵之间间隔  兵数  出兵顺序26
        (5 1 20 0 930 6 1330 0 6 0 6 0 6 0 6 0 6 0 6 0 6 0 6 0 6) #波之间间隔 每波兵之间间隔  兵数  出兵顺序27
	(5 1 20 6 1410 6 6 6 6 6 6 6 6 6 3 700 3 3 3 3 3 3 3 3 3) #波之间间隔 每波兵之间间隔  兵数  出兵顺序28
        (5 1 20 0 970 0 0 0 0 0 0 0 0 0 0 0 0 0 0 0 0 0 0 0) #波之间间隔 每波兵之间间隔  兵数  出兵顺序29
        (5 1 10 9 750 9 9 9 9 9 9 9 9 11 22500 ) #波之间间隔 每波兵之间间隔  兵数  出兵顺序30
	(10 1 20 0 1455 0 0 0 0 0 0 0 0 0 0 0 0 0 0 0 0 0 0 0) #波之间间隔 每波兵之间间隔  兵数  出兵顺序31
        (5 1 20 3 1090 3 3 3 3 3 3 3 3 3 3 3 3 3 3 3 3 3 3 3) #波之间间隔 每波兵之间间隔  兵数  出兵顺序32
	(5 1 20 0 1515 0 0 0 0 0 0 0 0 0 3 1120 3 3 3 3 3 3 3 3 3) #波之间间隔 每波兵之间间隔  兵数  出兵顺序33
        (5 1 20 0 1575 0 0 0 0 0 0 0 0 0 0 0 0 0 0 0 0 0 0 0) #波之间间隔 每波兵之间间隔  兵数  出兵顺序34
	(5 1 20 9 1181 9 9 9 9 9 9 9 9 9 9 9 9 9 9 9 9 9 9 2 23620) #波之间间隔 每波兵之间间隔  兵数  出兵顺序35
        (5 1 20 0 1635 0 0 0 0 0 0 0 0 0 0 0 0 0 0 0 0 0 0 0) #波之间间隔 每波兵之间间隔  兵数  出兵顺序36
	(5 1 20 0 1695 6 2450 0 6 0 6 0 6 0 6 0 6 0 6 0 6 0 6 0 6) #波之间间隔 每波兵之间间隔  兵数  出兵顺序37
        (5 1 20 6 2570 6 6 6 6 6 6 6 6 6 3 1272 3 3 3 3 3 3 3 3 3) #波之间间隔 每波兵之间间隔  兵数  出兵顺序38
	(5 1 20 0 1755 0 0 0 0 0 0 0 0 0 0 0 0 0 0 0 0 0 0 0) #波之间间隔 每波兵之间间隔  兵数  出兵顺序39
        (5 1 10 6 2625 6 6 6 6 6 6 6 6 8 70000  ) #波之间间隔 每波兵之间间隔  兵数  出兵顺序40
	(10 1 20 0 2193 0 0 0 0 0 0 0 0 0 0 0 0 0 0 0 0 0 0 0) #波之间间隔 每波兵之间间隔  兵数  出兵顺序41
        (5 1 20 3 1645 3 3 3 3 3 3 3 3 3 3 3 3 3 3 3 3 3 3 3) #波之间间隔 每波兵之间间隔  兵数  出兵顺序42
	(5 1 20 0 2293 0 0 0 0 0 0 0 0 0 3 1700 3 3 3 3 3 3 3 3 3) #波之间间隔 每波兵之间间隔  兵数  出兵顺序43
        (5 1 20 0 2400 0 0 0 0 0 0 0 0 0 0 0 0 0 0 0 0 0 0 0) #波之间间隔 每波兵之间间隔  兵数  出兵顺序44
	(5 1 20 9 1800 9 9 9 9 9 9 9 9 9 9 9 9 9 9 9 9 9 9 2 18000) #波之间间隔 每波兵之间间隔  兵数  出兵顺序45
        (5 1 20 0 2500 0 0 0 0 0 0 0 0 0 0 0 0 0 0 0 0 0 0 0) #波之间间隔 每波兵之间间隔  兵数  出兵顺序46
	(5 1 20 0 2600 6 3900 0 6 0 6 0 6 0 6 0 6 0 6 0 6 0 6 0 6) #波之间间隔 每波兵之间间隔  兵数  出兵顺序47
        (5 1 20 6 4000 6 6 6 6 6 6 6 6 6 3 1950 3 3 3 3 3 3 3 3 3) #波之间间隔 每波兵之间间隔  兵数  出兵顺序48
	(5 1 20 0 2700 0 0 0 0 0 0 0 0 0 0 0 0 0 0 0 0 0 0 0) #波之间间隔 每波兵之间间隔  兵数  出兵顺序49
        (5 1 12 3 2100 3 5 21000 9 2100 9 11 21000 0 2800 0 2 31200 6 4200 6 8 42000  ) #波之间间隔 每波兵之间间隔  兵数  出兵顺序50

)

sceneInfo2=(#0 初始金钱 1初始塔摆设 2初始障碍物  
	(0 500 50)	#金钱数
	(1 6 0 18)	#塔种类 等级 所在格
	(1 4 0 22)	
	(1 5 0 38)
	#(1 3 1 11)
	(2 9 0 1 16)	#障碍物类型 识别ID 格子数 所占格子ID
	(2 8 1 1 20)
	(2 8 2 1 21)
	(2 8 3 1 23)
	(2 9 4 1 37)
	(2 9 5 1 39)
	(2 9 6 1 40)
	(2 9 7 1 41)
	(2 0 8 1 43)
	(2 0 9 1 44)
	(2 0 10 1 45)
	(2 3 11 4 49 50 61 62)
	(2 9 12 1 73)
	(2 9 13 1 74)
	(2 18 14 1 65)
	(2 18 15 1 66)
	(2 18 16 1 67)
	(2 18 17 1 68)
	(2 18 18 1 69)
)
out3=(
	(10 1 20 3 20 3 3 3 3 3 3 3 3 3 3 3 3 3 3 3 3 3 3 3) #波之间间隔 每波兵之间间隔  兵数  出兵顺序1-30
        (5 1 20 3 30 3 3 3 3 3 3 3 3 3 3 3 3 3 3 3 3 3 3 3) #波之间间隔 每波兵之间间隔  兵数  出兵顺序2
	(5 1 20 3 40 9 40 3 9 3 9 3 9 3 9 3 9 3 9 3 9 3 9 3 9) #波之间间隔 每波兵之间间隔  兵数  出兵顺序3
        (5 1 20 0 80 0 0 0 0 0 0 0 0 0 0 0 0 0 0 0 0 0 0 0) #波之间间隔 每波兵之间间隔  兵数  出兵顺序4
	(5 1 20 9 60 9 9 9 9 9 9 9 9 9 9 9 9 9 9 9 9 9 9 9) #波之间间隔 每波兵之间间隔  兵数  出兵顺序5
        (5 1 20 0 110 0 0 0 0 0 0 0 0 0 0 0 0 0 0 0 0 0 0 0) #波之间间隔 每波兵之间间隔  兵数  出兵顺序6
	(5 1 20 6 165 0 140 6 0 6 0 6 0 6 0 6 0 6 0 6 0 6 0 6 0) #波之间间隔 每波兵之间间隔  兵数  出兵顺序7
        (5 1 20 3 127 6 220 3 6 3 6 3 6 3 6 3 6 3 6 3 6 3 6 3 6) #波之间间隔 每波兵之间间隔  兵数  出兵顺序8
	(5 1 20 0 170 0 0 0 0 0 0 0 0 0 0 0 0 0 0 0 0 0 0 0) #波之间间隔 每波兵之间间隔  兵数  出兵顺序9
        (5 1 10 0 200 0 0 0 0 0 0 0 0 2 6000  ) #波之间间隔 每波兵之间间隔  兵数  出兵顺序10
	(10 1 20 0 300 0 0 0 0 0 0 0 0 0 0 0 0 0 0 0 0 0 0) #波之间间隔 每波兵之间间隔  兵数  出兵顺序11
        (5 1 20 3 225 3 3 3 3 3 3 3 3 3 3 3 3 3 3 3 3 3 3 3) #波之间间隔 每波兵之间间隔  兵数  出兵顺序12
	(5 1 20 0 340 3 255 0 3 0 3 0 3 0 3 0 3 0 3 0 3 0 3 0 3) #波之间间隔 每波兵之间间隔  兵数  出兵顺序13
        (5 1 20 0 380 0 0 0 0 0 0 0 0 0 0 0 0 0 0 0 0 0 0 0) #波之间间隔 每波兵之间间隔  兵数  出兵顺序14
	(5 1 20 9 305 9 9 9 9 9 9 9 9 9 9 9 9 9 9 9 9 9 9 9) #波之间间隔 每波兵之间间隔  兵数  出兵顺序15
        (5 1 20 0 420 0 0 0 0 0 0 0 0 0 0 0 0 0 0 0 0 0 0 0) #波之间间隔 每波兵之间间隔  兵数  出兵顺序16
	(5 1 20 6 630 0 460 6 0 6 0 6 0 6 0 6 0 6 0 6 0 6 0 6 0) #波之间间隔 每波兵之间间隔  兵数  出兵顺序17
        (5 1 20 6 710 3 350 6 3 6 3 6 3 6 3 6 3 6 3 6 3 6 3 6 3) #波之间间隔 每波兵之间间隔  兵数  出兵顺序18
	(5 1 20 0 500 0 0 0 0 0 0 0 0 0 0 0 0 0 0 0 0 0 0 0) #波之间间隔 每波兵之间间隔  兵数  出兵顺序19
        (5 1 10 3 405 3 3 3 3 3 3 3 3 5 12000  ) #波之间间隔 每波兵之间间隔  兵数  出兵顺序20
	(10 1 20 0 750 0 0 0 0 0 0 0 0 0 0 0 0 0 0 0 0 0 0 0) #波之间间隔 每波兵之间间隔  兵数  出兵顺序21
        (5 1 20 3 563 3 3 3 3 3 3 3 3 3 3 3 3 3 3 3 3 3 3 3) #波之间间隔 每波兵之间间隔  兵数  出兵顺序22
	(5 1 20 3 580 0 790 3 0 3 0 3 0 3 0 3 0 3 0 3 0 3 0 3 0) #波之间间隔 每波兵之间间隔  兵数  出兵顺序23
        (5 1 20 0 850 0 0 0 0 0 0 0 0 0 0 0 0 0 0 0 0 0 0 0) #波之间间隔 每波兵之间间隔  兵数  出兵顺序24
        (5 1 20 9 640 9 9 9 9 9 9 9 9 9 9 9 9 9 9 9 9 9 9 2 14400 ) #波之间间隔 每波兵之间间隔  兵数  出兵顺序25
	(10 1 20 0 890 0 0 0 0 0 0 0 0 0 0 0 0 0 0 0 0 0 0 0) #波之间间隔 每波兵之间间隔  兵数  出兵顺序26
        (5 1 20 0 930 6 1330 0 6 0 6 0 6 0 6 0 6 0 6 0 6 0 6 0 6) #波之间间隔 每波兵之间间隔  兵数  出兵顺序27
	(5 1 20 6 1410 6 6 6 6 6 6 6 6 6 3 700 3 3 3 3 3 3 3 3 3) #波之间间隔 每波兵之间间隔  兵数  出兵顺序28
        (5 1 20 0 970 0 0 0 0 0 0 0 0 0 0 0 0 0 0 0 0 0 0 0) #波之间间隔 每波兵之间间隔  兵数  出兵顺序29
        (5 1 10 9 750 9 9 9 12 750 9 9 9 9 11 22500 ) #波之间间隔 每波兵之间间隔  兵数  出兵顺序30
	(10 1 20 0 1455 0 0 0 0 0 0 0 0 0 0 0 0 0 0 0 0 0 0 0) #波之间间隔 每波兵之间间隔  兵数  出兵顺序31
        (5 1 20 3 1090 3 3 3 3 3 3 3 3 3 3 3 3 3 3 3 3 3 3 3) #波之间间隔 每波兵之间间隔  兵数  出兵顺序32
	(5 1 20 0 1515 0 0 0 0 0 0 0 0 0 3 1120 3 3 3 3 3 3 3 3 3) #波之间间隔 每波兵之间间隔  兵数  出兵顺序33
        (5 1 20 0 1575 0 0 0 0 0 0 0 0 0 0 0 0 0 0 0 0 0 0 0) #波之间间隔 每波兵之间间隔  兵数  出兵顺序34
	(5 1 20 9 1181 9 9 12 1180 9 9 9 9 9 9 9 9 12 9 9 9 9 9 9 2 23620) #波之间间隔 每波兵之间间隔 兵数  出兵顺序35
        (5 1 20 0 1635 0 0 0 0 0 0 0 0 0 0 0 0 0 0 0 0 0 0 0) #波之间间隔 每波兵之间间隔  兵数  出兵顺序36
	(5 1 20 0 1695 6 2450 0 6 0 6 0 6 0 6 0 6 0 6 0 6 0 6 0 6) #波之间间隔 每波兵之间间隔  兵数  出兵顺序37
        (5 1 20 6 2570 6 6 6 6 6 6 6 6 6 3 1272 3 3 3 3 3 3 3 3 3) #波之间间隔 每波兵之间间隔  兵数  出兵顺序38
	(5 1 20 0 1755 0 0 0 0 0 0 0 0 0 0 0 0 0 0 0 0 0 0 0) #波之间间隔 每波兵之间间隔  兵数  出兵顺序39
        (5 1 10 6 2625 6 6 6 6 12 1180 6 6 6 8 70000  ) #波之间间隔 每波兵之间间隔  兵数  出兵顺序40
	(10 1 20 0 2193 0 0 0 0 0 0 0 0 0 0 0 0 0 0 0 0 0 0 0) #波之间间隔 每波兵之间间隔  兵数  出兵顺序41
        (5 1 20 3 1645 3 3 3 3 3 3 3 3 3 3 3 3 3 3 3 3 3 3 3) #波之间间隔 每波兵之间间隔  兵数  出兵顺序42
	(5 1 20 0 2293 0 0 0 0 0 0 0 0 0 3 1700 3 3 3 3 3 3 3 3 3) #波之间间隔 每波兵之间间隔  兵数  出兵顺序43
        (5 1 20 0 2400 0 0 0 0 0 0 0 0 0 0 0 0 0 0 0 0 0 0 0) #波之间间隔 每波兵之间间隔  兵数  出兵顺序44
	(5 1 20 9 1800 9 9 9 9 9 9 9 9 9 9 9 9 9 9 9 9 9 9 14 25000) #波之间间隔 每波兵之间间隔  兵数  出兵顺序45
        (5 1 20 0 2500 0 0 0 0 0 0 0 0 0 0 0 0 0 0 0 0 0 0 0) #波之间间隔 每波兵之间间隔  兵数  出兵顺序46
	(5 1 20 0 2600 6 3900 0 6 0 6 0 6 0 6 0 6 0 6 0 6 0 6 0 6) #波之间间隔 每波兵之间间隔  兵数  出兵顺序47
        (5 1 20 6 4000 6 6 6 6 12 2000 6 6 6 6 3 1950 3 3 3 3 3 3 3 3 3) #波之间间隔 每波兵之间间隔  兵数  出兵顺序48
	(5 1 20 0 2700 0 0 12 2000 0 0 0 0 12 0 0 0 0 0 0 12 0 0 0 0) #波之间间隔 每波兵之间间隔  兵数  出兵顺序49
        (5 1 10 6 4100 6 6 6 6 6 6 6 6 8 100000  ) #波之间间隔 每波兵之间间隔  兵数  出兵顺序50
       	(10 1 20 3 2530 3 3 3 3 3 3 3 3 3 3 3 3 3 3 3 3 3 3 3) #波之间间隔 每波兵之间间隔  兵数  出兵顺序51
        (5 1 20 3 2600 3 3 3 3 3 3 3 3 3 12 2600 3 3 3 3 3 3 3 3 3) #波之间间隔 每波兵之间间隔  兵数  出兵顺序52
	(5 1 20 3 2650 9 2650 3 9 3 9 3 9 3 9 3 9 3 9 3 9 3 9 3 9) #波之间间隔 每波兵之间间隔  兵数  出兵顺序53
        (5 1 20 0 3375 0 0 0 0 0 0 0 0 0 0 0 0 0 0 0 0 0 0 0) #波之间间隔 每波兵之间间隔  兵数  出兵顺序54
	(5 1 20 9 2700 9 9 9 9 9 9 9 12 2700 9 9 9 9 9 9 9 9 9 9 9) #波之间间隔 每波兵之间间隔  兵数  出兵顺序55
        (5 1 20 0 3500 0 0 0 0 0 0 0 0 0 0 0 0 0 0 0 0 0 0 0) #波之间间隔 每波兵之间间隔  兵数  出兵顺序56
	(5 1 20 6 5250 0 3600 6 0 6 0 6 0 6 0 6 0 6 0 6 0 6 0 6 0) #波之间间隔 每波兵之间间隔  兵数  出兵顺序57
        (5 1 20 3 2700 6 5300 3 6 3 6 3 6 3 6 3 6 3 6 3 6 3 6 3 6) #波之间间隔 每波兵之间间隔  兵数  出兵顺序58
	(5 1 20 0 3700 0 0 0 0 0 0 0 0 0 0 0 0 0 0 0 0 0 0 0) #波之间间隔 每波兵之间间隔  兵数  出兵顺序59
        (5 1 10 0 3800 0 0 0 0 0 0 0 0 2 124000  ) #波之间间隔 每波兵之间间隔  兵数  出兵顺序60
        (10 1 20 0 4275 0 0 0 0 0 0 0 0 0 0 0 0 0 0 0 0 0 0) #波之间间隔 每波兵之间间隔  兵数  出兵顺序61
        (5 1 20 3 3200 3 3 3 3 3 3 3 3 3 3 3 3 3 3 3 3 3 3 3) #波之间间隔 每波兵之间间隔  兵数  出兵顺序62
	(5 1 20 0 4300 3 3250 0 3 0 3 0 3 0 3 0 3 0 3 0 3 0 3 0 3) #波之间间隔 每波兵之间间隔  兵数  出兵顺序63
        (5 1 20 0 4350 0 0 0 0 0 0 0 0 0 0 0 0 0 0 0 0 0 0 0) #波之间间隔 每波兵之间间隔  兵数  出兵顺序64
	(5 1 20 9 3300 9 9 9 9 9 9 9 9 9 9 9 9 9 9 9 9 9 9 9) #波之间间隔 每波兵之间间隔  兵数  出兵顺序65
        (5 1 20 0 4400 0 0 0 0 0 0 0 0 0 0 0 0 0 0 0 0 0 0 0) #波之间间隔 每波兵之间间隔  兵数  出兵顺序66
	(5 1 20 6 5500 0 4450 6 0 6 0 6 0 6 0 6 0 6 0 6 0 6 0 6 0) #波之间间隔 每波兵之间间隔  兵数  出兵顺序67
        (5 1 20 6 5500 3 3350 6 3 6 3 6 3 6 3 6 3 6 3 6 3 6 3 6 3) #波之间间隔 每波兵之间间隔  兵数  出兵顺序68
	(5 1 20 0 4500 0 0 0 0 0 0 0 0 0 0 0 0 0 0 0 0 0 0 0) #波之间间隔 每波兵之间间隔  兵数  出兵顺序69
        (5 1 20 3 3400 3 3 3 3 3 3 3 3 3 14 50000 3 3 3 3 3 3 3 3 5 60000  ) #波之间间隔 每波兵之间间隔  兵数  出兵顺序70
       
	
)

sceneInfo3=(#0 初始金钱 1初始塔摆设 2初始障碍物  
	(0 500 70)	#金钱数
	(1 1 0 39)	#塔种类 等级 所在格
	(1 3 1 42)	
	(1 0 0 62)
	#(1 3 1 11)
	(2 14 0 1 13)	#障碍物类型 识别ID 格子数 所占格子ID
	(2 14 1 1 15)
	(2 6 2 1 16)
	(2 6 3 1 17)
	(2 14 4 1 18)
	(2 14 5 1 25)
	#(2 4 6 1 37)
	(2 19 7 1 49)
	(2 13 8 1 61)
	(2 20 9 1 73)
	(2 14 10 1 40) 
	(2 10 11 4 54 55 66 67) 
	(2 5 12 1 65) 
	(2 12 13 4 63 64 75 76) 
	(2 15 14 1 78) 
	(2 20 15 1 80) 
	(2 15 16 1 33)
	(2 11 17 1 34)  
	(2 15 18 1 57)  
)
out4=(
	(10 1 20 9 20 9 9 9 9 9 9 9 9 9 9 9 9 9 9 9 9 9 9 9) #波之间间隔 每波兵之间间隔  兵数  出兵顺序1-30
        (5 1 20 3 30 3 3 3 3 3 3 3 3 3 3 3 3 3 3 3 3 3 3 3) #波之间间隔 每波兵之间间隔  兵数  出兵顺序2
	(5 1 20 3 40 9 40 3 9 3 9 3 9 3 9 3 9 3 9 3 9 3 9 3 9) #波之间间隔 每波兵之间间隔  兵数  出兵顺序3
        (5 1 20 0 80 0 0 0 0 0 0 0 0 0 0 0 0 0 0 0 0 0 0 0) #波之间间隔 每波兵之间间隔  兵数  出兵顺序4
	(5 1 20 9 60 9 9 9 9 9 9 9 9 9 9 9 9 9 9 9 9 9 9 9) #波之间间隔 每波兵之间间隔  兵数  出兵顺序5
        (5 1 20 0 110 0 0 0 0 0 0 0 0 0 0 0 0 0 0 0 0 0 0 0) #波之间间隔 每波兵之间间隔  兵数  出兵顺序6
	(5 1 20 6 165 0 140 6 0 6 0 6 0 6 0 6 0 6 0 6 0 6 0 6 0) #波之间间隔 每波兵之间间隔  兵数  出兵顺序7
        (5 1 20 3 127 6 220 3 6 3 6 3 6 3 6 3 6 3 6 3 6 3 6 3 6) #波之间间隔 每波兵之间间隔  兵数  出兵顺序8
	(5 1 20 0 170 0 0 0 0 0 0 12 130 0 0 0 0 0 0 0 12 0 0 0 0) #波之间间隔 每波兵之间间隔  兵数  出兵顺序9
        (5 1 10 0 200 0 0 0 0 0 0 0 0 2 6000  ) #波之间间隔 每波兵之间间隔  兵数  出兵顺序10
	(10 1 20 0 300 0 0 0 0 0 0 0 0 0 0 0 0 0 0 0 0 0 0) #波之间间隔 每波兵之间间隔  兵数  出兵顺序11
        (5 1 20 3 225 3 3 3 3 3 3 3 3 3 3 3 3 3 3 3 3 3 3 3) #波之间间隔 每波兵之间间隔  兵数  出兵顺序12
	(5 1 20 0 340 3 255 0 3 0 3 0 3 0 3 0 3 0 3 0 3 0 3 0 3) #波之间间隔 每波兵之间间隔  兵数  出兵顺序13
        (5 1 20 0 380 0 0 0 0 0 0 0 0 0 0 0 0 0 0 0 0 0 0 0) #波之间间隔 每波兵之间间隔  兵数  出兵顺序14
	(5 1 20 9 305 9 9 9 9 9 9 9 9 9 9 9 9 9 9 9 9 9 9 9) #波之间间隔 每波兵之间间隔  兵数  出兵顺序15
        (5 1 20 0 420 0 0 0 0 0 0 0 0 0 0 0 0 0 0 0 0 0 0 0) #波之间间隔 每波兵之间间隔  兵数  出兵顺序16
	(5 1 20 6 630 0 460 6 0 6 0 6 0 6 0 6 0 6 0 6 0 6 0 6 0) #波之间间隔 每波兵之间间隔  兵数  出兵顺序17
        (5 1 20 6 710 3 350 6 3 6 3 6 3 6 3 6 3 6 3 6 3 6 3 6 3) #波之间间隔 每波兵之间间隔  兵数  出兵顺序18
	(5 1 20 0 500 0 0 0 0 0 0 0 0 0 0 0 0 0 0 0 0 0 0 0) #波之间间隔 每波兵之间间隔  兵数  出兵顺序19
        (5 1 10 3 405 3 3 3 3 3 3 3 3 5 12000  ) #波之间间隔 每波兵之间间隔  兵数  出兵顺序20
	(10 1 20 0 750 0 0 0 0 0 0 0 0 0 0 0 0 0 0 0 0 0 0 0) #波之间间隔 每波兵之间间隔  兵数  出兵顺序21
        (5 1 20 3 563 3 3 3 3 3 3 3 3 3 3 3 3 3 3 3 3 3 3 3) #波之间间隔 每波兵之间间隔  兵数  出兵顺序22
	(5 1 20 3 580 0 790 3 0 3 0 3 0 3 0 3 0 3 0 3 0 3 0 3 0) #波之间间隔 每波兵之间间隔  兵数  出兵顺序23
        (5 1 20 0 850 0 0 0 0 0 0 0 0 0 0 0 0 0 0 0 0 0 0 0) #波之间间隔 每波兵之间间隔  兵数  出兵顺序24
        (5 1 20 9 640 9 9 9 9 9 9 9 9 9 9 9 9 9 9 9 9 9 9 2 14400 ) #波之间间隔 每波兵之间间隔  兵数  出兵顺序25
	(10 1 20 0 890 0 0 0 0 0 0 0 0 0 0 0 0 0 0 0 0 0 0 0) #波之间间隔 每波兵之间间隔  兵数  出兵顺序26
        (5 1 20 0 930 6 1330 0 6 0 6 0 6 0 6 0 6 0 6 0 6 0 6 0 6) #波之间间隔 每波兵之间间隔  兵数  出兵顺序27
	(5 1 20 6 1410 6 6 6 6 6 12 700 6 6 6 3 700 3 3 3 12 3 3 3 3 3) #波之间间隔 每波兵之间间隔  兵数  出兵顺序28
        (5 1 20 0 970 0 0 0 0 0 0 0 0 0 0 0 0 0 0 0 0 0 0 0) #波之间间隔 每波兵之间间隔  兵数  出兵顺序29
        (5 1 10 9 750 9 9 9 9 9 9 9 9 11 22500 ) #波之间间隔 每波兵之间间隔  兵数  出兵顺序30
	(10 1 20 0 1455 0 0 0 0 0 0 0 0 0 0 0 0 0 0 0 0 0 0 0) #波之间间隔 每波兵之间间隔  兵数  出兵顺序31
        (5 1 20 3 1090 3 3 3 3 3 3 3 3 3 3 3 3 3 3 3 3 3 3 3) #波之间间隔 每波兵之间间隔  兵数  出兵顺序32
	(5 1 20 0 1515 0 0 0 0 0 0 0 0 0 3 1120 3 3 3 3 3 3 3 3 3) #波之间间隔 每波兵之间间隔  兵数  出兵顺序33
        (5 1 20 0 1575 0 0 0 0 0 0 0 0 0 0 0 0 0 0 0 0 0 0 0) #波之间间隔 每波兵之间间隔  兵数  出兵顺序34
	(5 1 20 14 20000 9 1181 9 9 9 9 9 9 9 9 9 9 9 9 9 9 9 9 9 9 ) #波之间间隔 每波兵之间间隔  兵数  出兵顺序35
        (5 1 20 0 1635 0 0 0 0 0 0 0 0 0 0 0 0 0 0 0 0 0 0 0) #波之间间隔 每波兵之间间隔  兵数  出兵顺序36
	(5 1 20 0 1695 6 2450 0 6 0 6 0 6 0 6 0 6 0 6 0 6 0 6 0 6) #波之间间隔 每波兵之间间隔  兵数  出兵顺序37
        (5 1 20 6 2570 6 6 6 6 6 6 6 6 6 3 1272 3 3 3 3 3 3 3 3 3) #波之间间隔 每波兵之间间隔  兵数  出兵顺序38
	(5 1 20 0 1755 0 0 0 0 0 12 1200 0 0 0 0 0 0 0 0 0 0 0 0 0) #波之间间隔 每波兵之间间隔  兵数  出兵顺序39
        (5 1 10 6 2625 6 6 6 6 6 6 6 6 15 90000  ) #波之间间隔 每波兵之间间隔  兵数  出兵顺序40
	(10 1 20 0 2193 0 0 0 0 0 0 0 0 0 0 0 0 0 0 0 0 0 0 0) #波之间间隔 每波兵之间间隔  兵数  出兵顺序41
        (5 1 20 3 1645 3 3 3 3 3 3 3 3 3 3 3 3 3 3 3 3 3 3 3) #波之间间隔 每波兵之间间隔  兵数  出兵顺序42
	(5 1 20 0 2293 0 0 0 0 0 0 0 0 0 3 1700 3 3 3 3 3 3 3 3 3) #波之间间隔 每波兵之间间隔  兵数  出兵顺序43
        (5 1 20 0 2400 0 0 0 0 0 0 0 0 0 0 0 0 0 0 0 0 0 0 0) #波之间间隔 每波兵之间间隔  兵数  出兵顺序44
	(5 1 20 9 1800 9 9 9 9 9 9 9 9 9 9 9 9 9 9 9 9 9 9 2 25000) #波之间间隔 每波兵之间间隔  兵数  出兵顺序45
        (5 1 20 0 2500 0 0 0 0 0 0 0 0 0 0 0 0 0 0 0 0 0 0 0) #波之间间隔 每波兵之间间隔  兵数  出兵顺序46
	(5 1 20 0 2600 6 3900 0 6 0 6 0 6 0 6 0 6 0 6 0 6 0 6 0 6) #波之间间隔 每波兵之间间隔  兵数  出兵顺序47
        (5 1 20 6 4000 6 6 6 6 6 6 6 6 6 3 1950 3 3 3 3 3 3 3 3 3) #波之间间隔 每波兵之间间隔  兵数  出兵顺序48
	(5 1 20 0 2700 0 0 0 0 12 1980 0 0 0 0 0 0 0 12 0 0 0 0 0 0) #波之间间隔 每波兵之间间隔  兵数  出兵顺序49
        (5 1 10 6 4100 6 6 6 6 6 6 6 6 8 100000  ) #波之间间隔 每波兵之间间隔  兵数  出兵顺序50
       	(10 1 20 3 2530 3 3 3 3 3 3 3 3 3 3 3 3 3 3 3 3 3 3 3) #波之间间隔 每波兵之间间隔  兵数  出兵顺序51
        (5 1 20 3 2600 3 3 3 3 3 3 3 3 3 3 3 3 3 3 3 3 3 3 3) #波之间间隔 每波兵之间间隔  兵数  出兵顺序52
	(5 1 20 3 2650 9 2650 3 9 3 9 3 9 3 9 3 9 3 9 3 9 3 9 3 9) #波之间间隔 每波兵之间间隔  兵数  出兵顺序53
        (5 1 20 0 3375 0 0 0 0 0 0 0 0 0 0 0 0 0 0 0 0 0 0 0) #波之间间隔 每波兵之间间隔  兵数  出兵顺序54
	(5 1 20 9 2700 9 9 9 9 9 9 9 9 9 9 9 9 9 9 9 9 9 9 9) #波之间间隔 每波兵之间间隔  兵数  出兵顺序55
        (5 1 20 0 3500 0 0 0 0 0 0 0 0 0 0 0 0 0 0 0 0 0 0 0) #波之间间隔 每波兵之间间隔  兵数  出兵顺序56
	(5 1 20 6 5250 0 3600 6 0 6 0 6 0 6 0 6 0 6 0 6 0 6 0 6 0) #波之间间隔 每波兵之间间隔  兵数  出兵顺序57
        (5 1 20 3 2700 6 5300 3 6 3 6 3 6 3 6 3 6 3 6 3 6 3 6 3 6) #波之间间隔 每波兵之间间隔  兵数  出兵顺序58
	(5 1 20 0 3700 0 0 0 0 0 0 0 0 0 0 0 0 0 0 0 0 0 0 0) #波之间间隔 每波兵之间间隔  兵数  出兵顺序59
        (5 1 10 0 3800 0 0 0 0 12 2800 0 0 0 2 124000  ) #波之间间隔 每波兵之间间隔  兵数  出兵顺序60
        (10 1 20 0 4275 0 0 0 0 0 0 0 0 0 0 0 0 0 0 0 0 0 0) #波之间间隔 每波兵之间间隔  兵数  出兵顺序61
        (5 1 20 3 3200 3 3 3 3 3 3 3 3 3 3 3 3 3 3 3 3 3 3 3) #波之间间隔 每波兵之间间隔  兵数  出兵顺序62
	(5 1 20 0 4300 3 3250 0 3 0 3 0 3 0 3 0 3 0 3 0 3 0 3 0 3) #波之间间隔 每波兵之间间隔  兵数  出兵顺序63
        (5 1 20 0 4350 0 0 0 0 0 0 0 0 0 0 0 0 0 0 0 0 0 0 0) #波之间间隔 每波兵之间间隔  兵数  出兵顺序64
	(5 1 20 9 3300 9 9 9 9 9 9 9 9 9 9 9 9 9 9 9 9 9 9 9) #波之间间隔 每波兵之间间隔  兵数  出兵顺序65
        (5 1 20 0 4400 0 0 0 0 0 0 0 0 0 0 0 0 0 0 0 0 0 0 0) #波之间间隔 每波兵之间间隔  兵数  出兵顺序66
	(5 1 20 6 5500 0 4450 6 0 6 0 6 0 6 0 6 0 6 0 6 0 6 0 6 0) #波之间间隔 每波兵之间间隔  兵数  出兵顺序67
        (5 1 20 6 5500 3 3350 6 3 6 3 6 3 6 3 6 3 6 3 6 3 6 3 6 3) #波之间间隔 每波兵之间间隔  兵数  出兵顺序68
	(5 1 20 0 4500 0 0 0 0 0 0 0 0 0 0 0 0 0 0 0 0 0 0 0) #波之间间隔 每波兵之间间隔  兵数  出兵顺序69
        (5 1 20 3 3400 3 3 3 3 3 3 3 3 3 3 3 3 3 3 3 3 3 3 5 110000  ) #波之间间隔 每波兵之间间隔  兵数  出兵顺序70
	(10 1 20 9 3740 9 9 9 9 9 9 9 9 9 9 9 9 9 9 9 9 9 9 9) #波之间间隔 每波兵之间间隔  兵数  出兵顺序71
        (5 1 20 3 3740 3 3 3 3 3 3 3 3 3 3 3 3 3 3 3 3 3 3 3) #波之间间隔 每波兵之间间隔  兵数  出兵顺序72
	(5 1 20 3 3800 9 3800 3 9 3 9 3 9 3 9 3 9 3 9 3 9 3 9 3 9) #波之间间隔 每波兵之间间隔  兵数  出兵顺序73
        (5 1 20 0 5000 0 0 0 0 0 0 0 0 0 0 0 0 0 0 0 0 0 0 0) #波之间间隔 每波兵之间间隔  兵数  出兵顺序74
	(5 1 20 9 3850 9 9 9 9 9 9 9 9 9 9 9 9 9 9 9 9 9 9 9) #波之间间隔 每波兵之间间隔  兵数  出兵顺序75
        (5 1 20 0 5050 0 0 0 0 0 0 0 0 0 0 0 0 0 0 0 0 0 0 0) #波之间间隔 每波兵之间间隔  兵数  出兵顺序76
	(5 1 20 6 6250 0 5100 6 0 6 0 6 0 6 0 6 0 6 0 6 0 6 0 6 0) #波之间间隔 每波兵之间间隔  兵数  出兵顺序77
        (5 1 20 3 3825 6 6250 3 6 3 6 3 6 3 6 3 6 3 6 3 6 3 6 3 6) #波之间间隔 每波兵之间间隔  兵数  出兵顺序78
	(5 1 20 0 5150 0 0 0 0 0 0 0 0 0 0 0 0 0 0 0 0 0 0 0) #波之间间隔 每波兵之间间隔  兵数  出兵顺序79
	(5 1 16 3 3900 3 3 3 3 3 3 12 3900 3 3 3 3 3 3 12 15 160000 ) #波之间间隔 每波兵之间间隔  兵数  出兵顺序80
       

)

sceneInfo4=(#0 初始金钱 1初始塔摆设 2初始障碍物  
	(0 750 80)	#金钱数
	(1 0 0 62)	#塔种类 等级 所在格
	(1 6 0 52)	
	(1 3 1 55)
	#(1 3 1 11)
	(2 15 0 1 13)	#障碍物类型 识别ID 格子数 所占格子ID
	(2 11 1 1 22)
	(2 15 2 1 23)
	(2 15 3 1 28)
	(2 22 4 1 33)
	(2 11 5 1 38)
	(2 11 6 1 58)
	(2 22 7 1 59)
	(2 6 8 1 76)
)
out5=(
	(10 1 20 0 20 0 0 0 0 0 0 0 0 0 0 0 0 0 0 0 0 0 0 0) #波之间间隔 每波兵之间间隔  兵数  出兵顺序1-30
        (5 1 20 3 25 3 3 3 3 3 3 3 3 3 3 3 3 3 3 3 3 3 3 3) #波之间间隔 每波兵之间间隔  兵数  出兵顺序2
	(5 1 20 3 40 0 50 3 0 3 0 3 0 3 0 3 0 3 0 3 0 3 0 3 0) #波之间间隔 每波兵之间间隔  兵数  出兵顺序3
        (5 1 20 0 80 0 0 0 0 0 0 0 0 0 0 0 0 0 0 0 0 0 0 0) #波之间间隔 每波兵之间间隔  兵数  出兵顺序4
	(5 1 20 9 60 9 9 9 9 9 9 9 9 9 9 9 9 9 9 9 9 9 9 9) #波之间间隔 每波兵之间间隔  兵数  出兵顺序5
        (5 1 20 0 110 0 0 0 0 0 0 0 0 0 0 0 0 0 0 0 0 0 0 0) #波之间间隔 每波兵之间间隔  兵数  出兵顺序6
	(5 1 20 6 165 0 140 6 0 6 0 6 0 6 0 6 0 6 0 6 0 6 0 6 0) #波之间间隔 每波兵之间间隔  兵数  出兵顺序7
        (5 1 20 3 127 6 220 3 6 3 6 3 6 3 6 3 6 3 6 3 6 3 6 3 6) #波之间间隔 每波兵之间间隔  兵数  出兵顺序8
	(5 1 20 0 170 0 0 0 0 0 0 0 0 0 0 0 0 0 0 0 0 0 0 0) #波之间间隔 每波兵之间间隔  兵数  出兵顺序9
        (5 1 10 0 200 0 0 0 12 150 0 0 0 0 2 6000  ) #波之间间隔 每波兵之间间隔  兵数  出兵顺序10
	(10 1 20 0 300 0 0 0 0 0 0 0 0 0 0 0 0 0 0 0 0 0 0) #波之间间隔 每波兵之间间隔  兵数  出兵顺序11
        (5 1 20 3 225 3 3 3 3 3 3 3 3 3 3 3 3 3 3 3 3 3 3 3) #波之间间隔 每波兵之间间隔  兵数  出兵顺序12
	(5 1 20 0 340 3 255 0 3 0 3 0 3 0 3 0 3 0 3 0 3 0 3 0 3) #波之间间隔 每波兵之间间隔  兵数  出兵顺序13
        (5 1 20 0 380 0 0 0 0 0 0 0 0 0 0 0 0 0 0 0 0 0 0 0) #波之间间隔 每波兵之间间隔  兵数  出兵顺序14
	(5 1 20 9 305 9 9 9 9 9 9 9 9 9 9 9 9 9 9 9 9 9 9 9) #波之间间隔 每波兵之间间隔  兵数  出兵顺序15
        (5 1 20 0 420 0 0 0 0 0 0 0 0 0 0 0 0 0 0 0 0 0 0 0) #波之间间隔 每波兵之间间隔  兵数  出兵顺序16
	(5 1 20 6 630 0 460 6 0 6 0 6 0 6 0 6 0 6 0 6 0 6 0 6 0) #波之间间隔 每波兵之间间隔  兵数  出兵顺序17
        (5 1 20 6 710 3 350 6 3 6 3 6 3 6 3 6 3 6 3 6 3 6 3 6 3) #波之间间隔 每波兵之间间隔  兵数  出兵顺序18
	(5 1 20 0 500 0 0 0 0 0 0 0 0 0 0 0 0 0 0 0 0 0 0 0) #波之间间隔 每波兵之间间隔  兵数  出兵顺序19
        (5 1 10 3 405 3 3 3 3 12 400 3 3 3 5 12000  ) #波之间间隔 每波兵之间间隔  兵数  出兵顺序20
	(10 1 20 0 750 0 0 0 0 0 0 0 0 0 0 0 0 0 0 0 0 0 0 0) #波之间间隔 每波兵之间间隔  兵数  出兵顺序21
        (5 1 20 3 563 3 3 3 3 3 3 3 3 3 3 3 3 3 3 3 3 3 3 3) #波之间间隔 每波兵之间间隔  兵数  出兵顺序22
	(5 1 20 3 580 0 790 3 0 3 0 3 0 3 0 3 0 3 0 3 0 3 0 3 0) #波之间间隔 每波兵之间间隔  兵数  出兵顺序23
        (5 1 20 0 850 0 0 0 0 0 0 0 0 0 0 0 0 0 0 0 0 0 0 0) #波之间间隔 每波兵之间间隔  兵数  出兵顺序24
        (5 1 20 9 640 9 9 9 9 9 9 9 9 9 9 9 9 9 9 9 9 9 9 2 14400 ) #波之间间隔 每波兵之间间隔  兵数  出兵顺序25
	(10 1 20 0 890 0 0 0 0 0 0 0 0 0 0 0 0 0 0 0 0 0 0 0) #波之间间隔 每波兵之间间隔  兵数  出兵顺序26
        (5 1 20 0 930 6 1330 0 6 0 6 0 6 0 6 0 6 0 6 0 6 0 6 0 6) #波之间间隔 每波兵之间间隔  兵数  出兵顺序27
	(5 1 20 6 1410 6 6 6 6 6 6 6 6 6 3 700 3 3 3 3 3 3 3 3 3) #波之间间隔 每波兵之间间隔  兵数  出兵顺序28
        (5 1 20 0 970 0 0 0 0 0 0 0 0 0 0 0 0 0 0 0 0 0 0 0) #波之间间隔 每波兵之间间隔  兵数  出兵顺序29
        (5 1 10 9 750 9 9 9 9 12 750 9 9 9 15 30000 ) #波之间间隔 每波兵之间间隔  兵数  出兵顺序30
	(10 1 20 0 1455 0 0 0 0 0 0 0 0 0 0 0 0 0 0 0 0 0 0 0) #波之间间隔 每波兵之间间隔  兵数  出兵顺序31
        (5 1 20 3 1090 3 3 3 3 3 3 3 3 3 3 3 3 3 3 3 3 3 3 3) #波之间间隔 每波兵之间间隔  兵数  出兵顺序32
	(5 1 20 0 1515 0 0 0 0 0 0 0 0 0 3 1120 3 3 3 3 3 3 3 3 3) #波之间间隔 每波兵之间间隔  兵数  出兵顺序33
        (5 1 20 0 1575 0 0 0 0 0 0 0 0 0 0 0 0 0 0 0 0 0 0 0) #波之间间隔 每波兵之间间隔  兵数  出兵顺序34
	(5 1 20 9 1181 9 9 9 9 9 9 9 9 9 9 9 9 9 9 9 9 9 9 2 23620) #波之间间隔 每波兵之间间隔  兵数  出兵顺序35
        (5 1 20 0 1635 0 0 0 0 0 0 0 0 0 0 0 0 0 0 0 0 0 0 0) #波之间间隔 每波兵之间间隔  兵数  出兵顺序36
	(5 1 20 0 1695 6 2450 0 6 0 6 0 6 0 6 0 6 0 6 0 6 0 6 0 6) #波之间间隔 每波兵之间间隔  兵数  出兵顺序37
        (5 1 20 6 2570 6 6 6 6 6 6 6 6 6 3 1272 3 3 3 3 3 3 3 3 3) #波之间间隔 每波兵之间间隔  兵数  出兵顺序38
	(5 1 20 0 1755 0 0 0 0 0 0 0 0 0 0 0 0 0 0 0 0 0 0 0) #波之间间隔 每波兵之间间隔  兵数  出兵顺序39
        (5 1 10 6 2625 6 6 6 6 12 1700 6 6 6 8 70000  ) #波之间间隔 每波兵之间间隔  兵数  出兵顺序40
	(10 1 20 0 2193 0 0 0 0 0 0 0 0 0 0 0 0 0 0 0 0 0 0 0) #波之间间隔 每波兵之间间隔  兵数  出兵顺序41
        (5 1 20 3 1645 3 3 3 3 3 3 3 3 3 3 3 3 3 3 3 3 3 3 3) #波之间间隔 每波兵之间间隔  兵数  出兵顺序42
	(5 1 20 0 2293 0 0 0 0 0 0 0 0 0 3 1700 3 3 3 3 3 3 3 3 3) #波之间间隔 每波兵之间间隔  兵数  出兵顺序43
        (5 1 20 0 2400 0 0 0 0 0 0 0 0 0 0 0 0 0 0 0 0 0 0 0) #波之间间隔 每波兵之间间隔  兵数  出兵顺序44
	(5 1 20 9 1800 9 9 9 9 9 9 9 9 9 9 9 9 9 9 9 9 9 9 2 25000) #波之间间隔 每波兵之间间隔  兵数  出兵顺序45
        (5 1 20 0 2500 0 0 0 0 0 0 0 0 0 0 0 0 0 0 0 0 0 0 0) #波之间间隔 每波兵之间间隔  兵数  出兵顺序46
	(5 1 20 0 2600 6 3900 0 6 0 6 0 6 0 6 0 6 0 6 0 6 0 6 0 6) #波之间间隔 每波兵之间间隔  兵数  出兵顺序47
        (5 1 20 6 4000 6 6 6 6 6 6 6 6 6 3 1950 3 3 3 3 3 3 3 3 3) #波之间间隔 每波兵之间间隔  兵数  出兵顺序48
	(5 1 20 0 2700 0 0 0 0 0 0 0 0 0 0 0 0 0 0 0 0 0 0 0) #波之间间隔 每波兵之间间隔  兵数  出兵顺序49
        (5 1 20 3 2100 3 3 3 3 12 2100 3 3 3 5 25000 9 2100 9 9 9 9 9 12 9 9 9 11 25000   ) #波之间间隔 每波兵之间间隔  兵数  出兵顺序50
         (10 1 20 9 2470 9 9 9 9 9 9 9 9 9 9 9 9 9 9 9 9 9 9 9) #波之间间隔 每波兵之间间隔  兵数  出兵顺序51
        (5 1 20 3 2500 3 3 3 3 3 3 3 3 3 3 3 3 3 3 3 3 3 3 3) #波之间间隔 每波兵之间间隔  兵数  出兵顺序52
	(5 1 20 3 2550 9 2550 3 9 3 9 3 9 3 9 3 9 3 9 3 9 3 9 3 9) #波之间间隔 每波兵之间间隔  兵数  出兵顺序53
        (5 1 20 0 3300 0 0 0 0 0 0 0 0 0 0 0 0 0 0 0 0 0 0 0) #波之间间隔 每波兵之间间隔  兵数  出兵顺序54
	(5 1 20 9 2600 9 9 9 9 9 9 9 9 9 9 9 9 9 9 9 9 9 9 9) #波之间间隔 每波兵之间间隔  兵数  出兵顺序55
        (5 1 20 0 3350 0 0 0 0 0 0 0 0 0 0 0 0 0 0 0 0 0 0 0) #波之间间隔 每波兵之间间隔  兵数  出兵顺序56
	(5 1 20 6 4500 0 3400 6 0 6 0 6 0 6 0 6 0 6 0 6 0 6 0 6 0) #波之间间隔 每波兵之间间隔  兵数  出兵顺序57
        (5 1 20 3 2650 6 4500 3 6 3 6 3 6 3 6 3 6 3 6 3 6 3 6 3 6) #波之间间隔 每波兵之间间隔  兵数  出兵顺序58
	(5 1 20 0 3450 0 0 0 0 0 0 0 0 0 0 0 0 0 0 0 0 0 0 0) #波之间间隔 每波兵之间间隔  兵数  出兵顺序59
	(5 1 20 0 3500 0 0 0 0 0 0 0 15 46000 6 4600 6 6 6 6 6 6 6 6 6 8 46000) #波之间间隔 每波兵之间间隔  兵数  出兵顺序60
	(10 1 20 0 3937 0 0 0 0 0 0 0 0 0 0 0 0 0 0 0 0 0 0) #波之间间隔 每波兵之间间隔  兵数  出兵顺序61
        (5 1 20 3 2952 3 3 3 3 3 3 3 3 3 3 3 3 3 3 3 3 3 3 3) #波之间间隔 每波兵之间间隔  兵数  出兵顺序62
	(5 1 20 0 3987 0 0 0 0 0 0 0 0 0 3 3000 3 3 3 3 3 3 3 3 3) #波之间间隔 每波兵之间间隔  兵数  出兵顺序63
        (5 1 20 0 4000 0 0 0 0 0 0 0 0 0 0 0 0 0 0 0 0 0 0 0) #波之间间隔 每波兵之间间隔  兵数  出兵顺序64
	(5 1 20 9 3050 9 9 9 9 9 9 9 9 9 9 9 9 9 9 9 9 9 9 2 68000) #波之间间隔 每波兵之间间隔  兵数  出兵顺序65
        (5 1 20 0 4050 0 0 0 0 0 0 0 0 0 0 0 0 0 0 0 0 0 0 0) #波之间间隔 每波兵之间间隔  兵数  出兵顺序66
	(5 1 20 0 4100 6 5300 0 6 0 6 0 6 0 6 0 6 0 6 0 6 0 6 0 6) #波之间间隔 每波兵之间间隔  兵数  出兵顺序67
        (5 1 20 6 5300 6 6 6 6 6 6 6 6 6 3 3100 3 3 3 3 3 3 3 3 3) #波之间间隔 每波兵之间间隔  兵数  出兵顺序68
	(5 1 20 0 4150 0 0 0 0 0 0 0 0 0 0 0 0 0 0 0 0 0 0 0) #波之间间隔 每波兵之间间隔  兵数  出兵顺序69
        (5 1 10 12 4200 12 12 12 12 12 12 12 12 8 120000  ) #波之间间隔 每波兵之间间隔  兵数  出兵顺序70
        (10 1 20 0 4600 0 0 0 0 0 0 0 0 0 0 0 0 0 0 0 0 0 0 0) #波之间间隔 每波兵之间间隔  兵数  出兵顺序71
        (5 1 20 3 3432 3 3 3 3 3 3 3 3 3 3 3 3 3 3 3 3 3 3 3) #波之间间隔 每波兵之间间隔  兵数  出兵顺序72
	(5 1 20 3 3482 0 4650 3 0 3 0 3 0 3 0 3 0 3 0 3 0 3 0 3 0) #波之间间隔 每波兵之间间隔  兵数  出兵顺序73
        (5 1 20 0 4700 0 0 0 0 0 0 0 0 0 0 0 0 0 0 0 0 0 0 0) #波之间间隔 每波兵之间间隔  兵数  出兵顺序74
        (5 1 20 9 3532 9 9 9 9 9 9 9 9 9 9 9 9 9 9 9 9 9 9 2 60000 ) #波之间间隔 每波兵之间间隔  兵数  出兵顺序75
	(10 1 20 0 4750 0 0 0 0 0 0 0 0 0 0 0 0 0 0 0 0 0 0 0) #波之间间隔 每波兵之间间隔  兵数  出兵顺序76
        (5 1 20 0 4800 6 6200 0 6 0 6 0 6 0 6 0 6 0 6 0 6 0 6 0 6) #波之间间隔 每波兵之间间隔  兵数  出兵顺序77
	(5 1 20 6 7200 6 6 6 6 6 6 6 6 6 3 3582 3 3 3 3 3 3 3 3 3) #波之间间隔 每波兵之间间隔  兵数  出兵顺序78
        (5 1 20 9 3600 9 9 9 9 9 9 9 9 9 9 9 9 9 9 9 9 9 9 9) #波之间间隔 每波兵之间间隔  兵数  出兵顺序79
        (5 1 11 9 3600 9 9 9 9 9 9 9 9 11 110000 12 3000 ) #波之间间隔 每波兵之间间隔  兵数  出兵顺序80
        (10 1 20 0 4600 0 0 0 0 0 0 0 0 0 0 0 0 0 0 0 0 0 0 0) #波之间间隔 每波兵之间间隔  兵数  出兵顺序81
        (5 1 20 3 3432 3 3 3 3 3 3 3 3 3 3 3 3 3 3 3 3 3 3 3) #波之间间隔 每波兵之间间隔  兵数  出兵顺序82
	(5 1 20 3 3482 0 4650 3 0 3 0 3 0 3 0 3 0 3 0 3 0 3 0 3 0) #波之间间隔 每波兵之间间隔  兵数  出兵顺序83
        (5 1 20 0 4700 0 0 0 0 0 0 0 0 0 0 0 0 0 0 0 0 0 0 0) #波之间间隔 每波兵之间间隔  兵数  出兵顺序84
        (5 1 20 9 3532 9 9 9 9 9 9 9 9 9 9 9 9 9 9 9 9 9 9 2 70000 ) #波之间间隔 每波兵之间间隔  兵数  出兵顺序85
	(10 1 20 0 4750 0 0 0 0 0 0 0 0 0 0 0 0 0 0 0 0 0 0 0) #波之间间隔 每波兵之间间隔  兵数  出兵顺序86
        (5 1 20 0 4800 6 6200 0 6 0 6 0 6 0 6 0 6 0 6 0 6 0 6 0 6) #波之间间隔 每波兵之间间隔  兵数  出兵顺序87
	(5 1 20 6 7200 6 6 6 6 6 6 6 6 6 3 3582 3 3 3 3 3 3 3 3 3) #波之间间隔 每波兵之间间隔  兵数  出兵顺序88
        (5 1 20 9 3600 9 9 9 9 9 9 9 9 9 9 9 9 9 9 9 9 9 9 9) #波之间间隔 每波兵之间间隔  兵数  出兵顺序89
        (5 1 11 9 3600 9 9 9 14 20000 9 9 9 9 11 30000 15 70000) #波之间间隔 每波兵之间间隔  兵数  出兵顺序90
	(10 1 20 0 5000 0 0 0 0 0 0 0 0 0 0 0 0 0 0 0 0 0 0 0) #波之间间隔 每波兵之间间隔  兵数  出兵顺序91
        (5 1 20 3 3750 3 3 3 3 3 3 3 3 3 3 3 3 3 3 3 3 3 3 3) #波之间间隔 每波兵之间间隔  兵数  出兵顺序92
	(5 1 20 0 5000 0 0 0 0 0 0 0 0 0 3 3750 3 3 3 3 3 3 3 3 3) #波之间间隔 每波兵之间间隔  兵数  出兵顺序93
        (5 1 20 0 5100 0 0 0 0 0 0 0 0 0 0 0 0 0 0 0 0 0 0 0) #波之间间隔 每波兵之间间隔  兵数  出兵顺序94
	(5 1 20 9 3800 9 9 9 9 9 9 9 9 9 9 9 9 9 9 9 9 9 9 2 80000) #波之间间隔 每波兵之间间隔  兵数  出兵顺序95
        (5 1 20 0 5200 0 0 0 0 0 0 0 0 0 0 0 0 0 0 0 0 0 0 0) #波之间间隔 每波兵之间间隔  兵数  出兵顺序96
	(5 1 20 0 5200 6 8000 0 6 0 6 0 6 0 6 0 6 0 6 0 6 0 6 0 6) #波之间间隔 每波兵之间间隔  兵数  出兵顺序97
        (5 1 20 6 8000 6 6 6 6 6 6 6 6 6 3 3900 3 3 3 3 3 3 3 3 3) #波之间间隔 每波兵之间间隔  兵数  出兵顺序98
	(5 1 20 0 5350 0 0 0 0 0 0 0 0 0 0 0 0 0 0 0 0 0 0 0) #波之间间隔 每波兵之间间隔  兵数  出兵顺序99
        (5 1 12 5 10000 11 10000 2 15000 8 20000 15 50000 14 10000 16 100000 ) #波之间间隔 每波兵之间间隔  兵数  出兵顺序100

)

sceneInfo5=(#0 初始金钱 1初始塔摆设 2初始障碍物  
	(0 750 100)	#金钱数
	(1 1 0 39)	#塔种类 等级 所在格
	(1 4 1 43)	
	#(1 1 1 0)
	#(1 3 1 11)
	(2 6 0 1 13)	#障碍物类型 识别ID 格子数 所占格子ID
	(2 11 1 1 15)
	(2 6 2 1 17)
	(2 6 3 1 18)
	(2 6 4 1 19)
	(2 6 5 1 20)
	(2 6 5 1 21)
	(2 12 6 4 22 23 34 35)
	(2 5 7 1 25)
	(2 10 8 4 29 30 41 42)
	(2 15 9 1 31)
	(2 6 10 1 33)
	(2 11 11 1 37)
	(2 11 12 1 49)
	(2 6 13 1 50)
	(2 16 14 4 61 62 73 74)
	(2 11 15 1 63)
	(2 15 16 1 75)
	(2 16 17 4 67 68 79 80)
	(2 22 18 1 46)
	(2 22 18 1 47)
	(2 22 18 1 82)
	(2 22 18 1 83)
)
out6=(
	(10 1 20 0 20 0 0 0 0 0 0 0 0 0 0 0 0 0 0 0 0 0 0 0) #波之间间隔 每波兵之间间隔  兵数  出兵顺序1-30
        (5 1 20 3 25 3 3 3 3 3 3 3 3 3 3 3 3 3 3 3 3 3 3 3) #波之间间隔 每波兵之间间隔  兵数  出兵顺序2
	(5 1 20 3 40 0 50 3 0 3 0 3 0 3 0 3 0 3 0 3 0 3 0 3 0) #波之间间隔 每波兵之间间隔  兵数  出兵顺序3
        (5 1 20 0 80 0 0 0 0 0 0 0 0 0 0 0 0 0 0 0 0 0 0 0) #波之间间隔 每波兵之间间隔  兵数  出兵顺序4
	(5 1 20 9 60 9 9 9 9 9 9 9 9 9 9 9 9 9 9 9 9 9 9 9) #波之间间隔 每波兵之间间隔  兵数  出兵顺序5
        (5 1 20 0 110 0 0 0 0 0 0 0 0 0 0 0 0 0 0 0 0 0 0 0) #波之间间隔 每波兵之间间隔  兵数  出兵顺序6
	(5 1 20 6 165 0 140 6 0 6 0 6 0 6 0 6 0 6 0 6 0 6 0 6 0) #波之间间隔 每波兵之间间隔  兵数  出兵顺序7
        (5 1 20 3 127 6 220 3 6 3 6 3 6 3 6 3 6 3 6 3 6 3 6 3 6) #波之间间隔 每波兵之间间隔  兵数  出兵顺序8
	(5 1 20 0 170 0 0 0 0 0 0 0 0 0 0 0 0 0 0 0 0 0 0 0) #波之间间隔 每波兵之间间隔  兵数  出兵顺序9
        (5 1 10 0 200 0 0 0 12 150 0 0 0 0 2 6000  ) #波之间间隔 每波兵之间间隔  兵数  出兵顺序10
	(10 1 20 0 300 0 0 0 0 0 0 0 0 0 0 0 0 0 0 0 0 0 0) #波之间间隔 每波兵之间间隔  兵数  出兵顺序11
        (5 1 20 3 225 3 3 3 3 3 3 3 3 3 3 3 3 3 3 3 3 3 3 3) #波之间间隔 每波兵之间间隔  兵数  出兵顺序12
	(5 1 20 0 340 3 255 0 3 0 3 0 3 0 3 0 3 0 3 0 3 0 3 0 3) #波之间间隔 每波兵之间间隔  兵数  出兵顺序13
        (5 1 20 0 380 0 0 0 0 0 0 0 0 0 0 0 0 0 0 0 0 0 0 0) #波之间间隔 每波兵之间间隔  兵数  出兵顺序14
	(5 1 20 9 305 9 9 9 9 9 9 9 9 9 9 9 9 9 9 9 9 9 9 9) #波之间间隔 每波兵之间间隔  兵数  出兵顺序15
        (5 1 20 0 420 0 0 0 0 0 0 0 0 0 0 0 0 0 0 0 0 0 0 0) #波之间间隔 每波兵之间间隔  兵数  出兵顺序16
	(5 1 20 6 630 0 460 6 0 6 0 6 0 6 0 6 0 6 0 6 0 6 0 6 0) #波之间间隔 每波兵之间间隔  兵数  出兵顺序17
        (5 1 20 6 710 3 350 6 3 6 3 6 3 6 3 6 3 6 3 6 3 6 3 6 3) #波之间间隔 每波兵之间间隔  兵数  出兵顺序18
	(5 1 20 0 500 0 0 0 0 0 0 0 0 0 0 0 0 0 0 0 0 0 0 0) #波之间间隔 每波兵之间间隔  兵数  出兵顺序19
        (5 1 10 3 405 3 3 3 3 12 400 3 3 3 5 12000  ) #波之间间隔 每波兵之间间隔  兵数  出兵顺序20
	(10 1 20 0 750 0 0 0 0 0 0 0 0 0 0 0 0 0 0 0 0 0 0 0) #波之间间隔 每波兵之间间隔  兵数  出兵顺序21
        (5 1 20 3 563 3 3 3 3 3 3 3 3 3 3 3 3 3 3 3 3 3 3 3) #波之间间隔 每波兵之间间隔  兵数  出兵顺序22
	(5 1 20 3 580 0 790 3 0 3 0 3 0 3 0 3 0 3 0 3 0 3 0 3 0) #波之间间隔 每波兵之间间隔  兵数  出兵顺序23
        (5 1 20 0 850 0 0 0 0 0 0 0 0 0 0 0 0 0 0 0 0 0 0 0) #波之间间隔 每波兵之间间隔  兵数  出兵顺序24
        (5 1 20 9 640 9 9 9 9 9 9 9 9 9 9 9 9 9 9 9 9 9 9 2 14400 ) #波之间间隔 每波兵之间间隔  兵数  出兵顺序25
	(10 1 20 0 890 0 0 0 0 0 0 0 0 0 0 0 0 0 0 0 0 0 0 0) #波之间间隔 每波兵之间间隔  兵数  出兵顺序26
        (5 1 20 0 930 6 1330 0 6 0 6 0 6 0 6 0 6 0 6 0 6 0 6 0 6) #波之间间隔 每波兵之间间隔  兵数  出兵顺序27
	(5 1 20 6 1410 6 6 6 6 6 6 6 6 6 3 700 3 3 3 3 3 3 3 3 3) #波之间间隔 每波兵之间间隔  兵数  出兵顺序28
        (5 1 20 0 970 0 0 0 0 0 0 0 0 0 0 0 0 0 0 0 0 0 0 0) #波之间间隔 每波兵之间间隔  兵数  出兵顺序29
        (5 1 10 9 750 9 9 9 9 12 750 9 9 9 15 30000 ) #波之间间隔 每波兵之间间隔  兵数  出兵顺序30
	(10 1 20 0 1455 0 0 0 0 0 0 0 0 0 0 0 0 0 0 0 0 0 0 0) #波之间间隔 每波兵之间间隔  兵数  出兵顺序31
        (5 1 20 3 1090 3 3 3 3 3 3 3 3 3 3 3 3 3 3 3 3 3 3 3) #波之间间隔 每波兵之间间隔  兵数  出兵顺序32
	(5 1 20 0 1515 0 0 0 0 0 0 0 0 0 3 1120 3 3 3 3 3 3 3 3 3) #波之间间隔 每波兵之间间隔  兵数  出兵顺序33
        (5 1 20 0 1575 0 0 0 0 0 0 0 0 0 0 0 0 0 0 0 0 0 0 0) #波之间间隔 每波兵之间间隔  兵数  出兵顺序34
	(5 1 20 9 1181 9 9 9 9 9 9 9 9 9 9 9 9 9 9 9 9 9 9 2 23620) #波之间间隔 每波兵之间间隔  兵数  出兵顺序35
        (5 1 20 0 1635 0 0 0 0 0 0 0 0 0 0 0 0 0 0 0 0 0 0 0) #波之间间隔 每波兵之间间隔  兵数  出兵顺序36
	(5 1 20 0 1695 6 2450 0 6 0 6 0 6 0 6 0 6 0 6 0 6 0 6 0 6) #波之间间隔 每波兵之间间隔  兵数  出兵顺序37
        (5 1 20 6 2570 6 6 6 6 6 6 6 6 6 3 1272 3 3 3 3 3 3 3 3 3) #波之间间隔 每波兵之间间隔  兵数  出兵顺序38
	(5 1 20 0 1755 0 0 0 0 0 0 0 0 0 0 0 0 0 0 0 0 0 0 0) #波之间间隔 每波兵之间间隔  兵数  出兵顺序39
        (5 1 10 6 2625 6 6 6 6 12 1700 6 6 6 8 70000  ) #波之间间隔 每波兵之间间隔  兵数  出兵顺序40
	(10 1 20 0 2193 0 0 0 0 0 0 0 0 0 0 0 0 0 0 0 0 0 0 0) #波之间间隔 每波兵之间间隔  兵数  出兵顺序41
        (5 1 20 3 1645 3 3 3 3 3 3 3 3 3 3 3 3 3 3 3 3 3 3 3) #波之间间隔 每波兵之间间隔  兵数  出兵顺序42
	(5 1 20 0 2293 0 0 0 0 0 0 0 0 0 3 1700 3 3 3 3 3 3 3 3 3) #波之间间隔 每波兵之间间隔  兵数  出兵顺序43
        (5 1 20 0 2400 0 0 0 0 0 0 0 0 0 0 0 0 0 0 0 0 0 0 0) #波之间间隔 每波兵之间间隔  兵数  出兵顺序44
	(5 1 20 9 1800 9 9 9 9 9 9 9 9 9 9 9 9 9 9 9 9 9 9 2 25000) #波之间间隔 每波兵之间间隔  兵数  出兵顺序45
        (5 1 20 0 2500 0 0 0 0 0 0 0 0 0 0 0 0 0 0 0 0 0 0 0) #波之间间隔 每波兵之间间隔  兵数  出兵顺序46
	(5 1 20 0 2600 6 3900 0 6 0 6 0 6 0 6 0 6 0 6 0 6 0 6 0 6) #波之间间隔 每波兵之间间隔  兵数  出兵顺序47
        (5 1 20 6 4000 6 6 6 6 6 6 6 6 6 3 1950 3 3 3 3 3 3 3 3 3) #波之间间隔 每波兵之间间隔  兵数  出兵顺序48
	(5 1 20 0 2700 0 0 0 0 0 0 0 0 0 0 0 0 0 0 0 0 0 0 0) #波之间间隔 每波兵之间间隔  兵数  出兵顺序49
        (5 1 20 3 2100 3 3 3 3 12 2100 3 3 3 5 25000 9 2100 9 9 9 9 9 12 9 9 9 11 25000   ) #波之间间隔 每波兵之间间隔  兵数  出兵顺序50
        (10 1 20 9 2470 9 9 9 9 9 9 9 9 9 9 9 9 9 9 9 9 9 9 9) #波之间间隔 每波兵之间间隔  兵数  出兵顺序51
        (5 1 20 3 2500 3 3 3 3 3 3 3 3 3 3 3 3 3 3 3 3 3 3 3) #波之间间隔 每波兵之间间隔  兵数  出兵顺序52
	(5 1 20 3 2550 9 2550 3 9 3 9 3 9 3 9 3 9 3 9 3 9 3 9 3 9) #波之间间隔 每波兵之间间隔  兵数  出兵顺序53
        (5 1 20 0 3300 0 0 0 0 0 0 0 0 0 0 0 0 0 0 0 0 0 0 0) #波之间间隔 每波兵之间间隔  兵数  出兵顺序54
	(5 1 20 9 2600 9 9 9 9 9 9 9 9 9 9 9 9 9 9 9 9 9 9 9) #波之间间隔 每波兵之间间隔  兵数  出兵顺序55
        (5 1 20 0 3350 0 0 0 0 0 0 0 0 0 0 0 0 0 0 0 0 0 0 0) #波之间间隔 每波兵之间间隔  兵数  出兵顺序56
	(5 1 20 6 4500 0 3400 6 0 6 0 6 0 6 0 6 0 6 0 6 0 6 0 6 0) #波之间间隔 每波兵之间间隔  兵数  出兵顺序57
        (5 1 20 3 2650 6 4500 3 6 3 6 3 6 3 6 3 6 3 6 3 6 3 6 3 6) #波之间间隔 每波兵之间间隔  兵数  出兵顺序58
	(5 1 20 0 3450 0 0 0 0 0 0 0 0 0 0 0 0 0 0 0 0 0 0 0) #波之间间隔 每波兵之间间隔  兵数  出兵顺序59
	(5 1 20 0 3500 0 0 0 0 0 0 0 0 15 46000 6 4600 6 6 6 6 6 6 6 6 8 46000) #波之间间隔 每波兵之间间隔  兵数  出兵顺序60
	(10 1 20 0 3937 0 0 0 0 0 0 0 0 0 0 0 0 0 0 0 0 0 0) #波之间间隔 每波兵之间间隔  兵数  出兵顺序61
        (5 1 20 3 2952 3 3 3 3 3 3 3 3 3 3 3 3 3 3 3 3 3 3 3) #波之间间隔 每波兵之间间隔  兵数  出兵顺序62
	(5 1 20 0 3987 0 0 0 0 0 0 0 0 0 3 3000 3 3 3 3 3 3 3 3 3) #波之间间隔 每波兵之间间隔  兵数  出兵顺序63
        (5 1 20 0 4000 0 0 0 0 0 0 0 0 0 0 0 0 0 0 0 0 0 0 0) #波之间间隔 每波兵之间间隔  兵数  出兵顺序64
	(5 1 20 9 3050 9 9 9 9 9 9 9 9 9 9 9 9 9 9 9 9 9 9 2 68000) #波之间间隔 每波兵之间间隔  兵数  出兵顺序65
        (5 1 20 0 4050 0 0 0 0 0 0 0 0 0 0 0 0 0 0 0 0 0 0 0) #波之间间隔 每波兵之间间隔  兵数  出兵顺序66
	(5 1 20 0 4100 6 5300 0 6 0 6 0 6 0 6 0 6 0 6 0 6 0 6 0 6) #波之间间隔 每波兵之间间隔  兵数  出兵顺序67
        (5 1 20 6 5300 6 6 6 6 6 6 6 6 6 3 3100 3 3 3 3 3 3 3 3 3) #波之间间隔 每波兵之间间隔  兵数  出兵顺序68
	(5 1 20 0 4150 0 0 0 0 0 0 0 0 0 0 0 0 0 0 0 0 0 0 0) #波之间间隔 每波兵之间间隔  兵数  出兵顺序69
        (5 1 10 12 4200 12 12 12 12 12 12 12 12 8 120000  ) #波之间间隔 每波兵之间间隔  兵数  出兵顺序70
        (10 1 20 0 4600 0 0 0 0 0 0 0 0 0 0 0 0 0 0 0 0 0 0 0) #波之间间隔 每波兵之间间隔  兵数  出兵顺序71
        (5 1 20 3 3432 3 3 3 3 3 3 3 3 3 3 3 3 3 3 3 3 3 3 3) #波之间间隔 每波兵之间间隔  兵数  出兵顺序72
	(5 1 20 3 3482 0 4650 3 0 3 0 3 0 3 0 3 0 3 0 3 0 3 0 3 0) #波之间间隔 每波兵之间间隔  兵数  出兵顺序73
        (5 1 20 0 4700 0 0 0 0 0 0 0 0 0 0 0 0 0 0 0 0 0 0 0) #波之间间隔 每波兵之间间隔  兵数  出兵顺序74
        (5 1 20 9 3532 9 9 9 9 9 9 9 9 9 9 9 9 9 9 9 9 9 9 2 60000 ) #波之间间隔 每波兵之间间隔  兵数  出兵顺序75
	(10 1 20 0 4750 0 0 0 0 0 0 0 0 0 0 0 0 0 0 0 0 0 0 0) #波之间间隔 每波兵之间间隔  兵数  出兵顺序76
        (5 1 20 0 4800 6 6200 0 6 0 6 0 6 0 6 0 6 0 6 0 6 0 6 0 6) #波之间间隔 每波兵之间间隔  兵数  出兵顺序77
	(5 1 20 6 7200 6 6 6 6 6 6 6 6 6 3 3582 3 3 3 3 3 3 3 3 3) #波之间间隔 每波兵之间间隔  兵数  出兵顺序78
        (5 1 20 9 3600 9 9 9 9 9 9 9 9 9 9 9 9 9 9 9 9 9 9 9) #波之间间隔 每波兵之间间隔  兵数  出兵顺序79
        (5 1 11 9 3600 9 9 9 9 9 9 9 9 11 110000 12 3000 ) #波之间间隔 每波兵之间间隔  兵数  出兵顺序80
        (10 1 20 0 4600 0 0 0 0 0 0 0 0 0 0 0 0 0 0 0 0 0 0 0) #波之间间隔 每波兵之间间隔  兵数  出兵顺序81
        (5 1 20 3 3432 3 3 3 3 3 3 3 3 3 3 3 3 3 3 3 3 3 3 3) #波之间间隔 每波兵之间间隔  兵数  出兵顺序82
	(5 1 20 3 3482 0 4650 3 0 3 0 3 0 3 0 3 0 3 0 3 0 3 0 3 0) #波之间间隔 每波兵之间间隔  兵数  出兵顺序83
        (5 1 20 0 4700 0 0 0 0 0 0 0 0 0 0 0 0 0 0 0 0 0 0 0) #波之间间隔 每波兵之间间隔  兵数  出兵顺序84
        (5 1 20 9 3532 9 9 9 9 9 9 9 9 9 9 9 9 9 9 9 9 9 9 2 70000 ) #波之间间隔 每波兵之间间隔  兵数  出兵顺序85
	(10 1 20 0 4750 0 0 0 0 0 0 0 0 0 0 0 0 0 0 0 0 0 0 0) #波之间间隔 每波兵之间间隔  兵数  出兵顺序86
        (5 1 20 0 4800 6 6200 0 6 0 6 0 6 0 6 0 6 0 6 0 6 0 6 0 6) #波之间间隔 每波兵之间间隔  兵数  出兵顺序87
	(5 1 20 6 7200 6 6 6 6 6 6 6 6 6 3 3582 3 3 3 3 3 3 3 3 3) #波之间间隔 每波兵之间间隔  兵数  出兵顺序88
        (5 1 20 9 3600 9 9 9 9 9 9 9 9 9 9 9 9 9 9 9 9 9 9 9) #波之间间隔 每波兵之间间隔  兵数  出兵顺序89
        (5 1 11 9 3600 9 9 9 14 20000 9 9 9 9 11 30000 15 70000) #波之间间隔 每波兵之间间隔  兵数  出兵顺序90
	(10 1 20 0 5000 0 0 0 0 0 0 0 0 0 0 0 0 0 0 0 0 0 0 0) #波之间间隔 每波兵之间间隔  兵数  出兵顺序91
        (5 1 20 3 3750 3 3 3 3 3 3 3 3 3 3 3 3 3 3 3 3 3 3 3) #波之间间隔 每波兵之间间隔  兵数  出兵顺序92
	(5 1 20 0 5000 0 0 0 0 0 0 0 0 0 3 3750 3 3 3 3 3 3 3 3 3) #波之间间隔 每波兵之间间隔  兵数  出兵顺序93
        (5 1 20 0 5100 0 0 0 0 0 0 0 0 0 0 0 0 0 0 0 0 0 0 0) #波之间间隔 每波兵之间间隔  兵数  出兵顺序94
	(5 1 20 9 3800 9 9 9 9 9 9 9 9 9 9 9 9 9 9 9 9 9 9 2 80000) #波之间间隔 每波兵之间间隔  兵数  出兵顺序95
        (5 1 20 0 5200 0 0 0 0 0 0 0 0 0 0 0 0 0 0 0 0 0 0 0) #波之间间隔 每波兵之间间隔  兵数  出兵顺序96
	(5 1 20 0 5200 6 8000 0 6 0 6 0 6 0 6 0 6 0 6 0 6 0 6 0 6) #波之间间隔 每波兵之间间隔  兵数  出兵顺序97
        (5 1 20 6 8000 6 6 6 6 6 6 6 6 6 3 3900 3 3 3 3 3 3 3 3 3) #波之间间隔 每波兵之间间隔  兵数  出兵顺序98
	(5 1 20 0 5350 0 0 0 0 0 0 0 0 0 0 0 0 0 0 0 0 0 0 0) #波之间间隔 每波兵之间间隔  兵数  出兵顺序99
        (5 1 12 3 4000 3 5 38000 9 4000 9 11 38000 0 5000 0 2 50000 6 7000 6 8 70000  ) #波之间间隔 每波兵之间间隔  兵数  出兵顺序100
)

sceneInfo6=(#0 初始金钱 1初始塔摆设 2初始障碍物  
	(0 1500 100)	#金钱数
	(2 8 0 1 13)	#障碍物类型 识别ID 格子数 所占格子ID
	(2 8 1 1 15)
	(2 23 2 1 17)
	(2 23 3 1 18)
	(2 23 4 1 19)
	(2 23 5 1 20)
	(2 23 6 1 29)
	#(2 3 7 4 37 38 49 50)
	(2 1 8 1 61)
	(2 1 9 1 73)
	(2 16 10 4 62 63 74 75)
	(2 8 11 1 79)
	(2 8 12 1 80)
	(2 1 13 1 69)
	(2 1 14 1 70)
	(2 1 15 1 71)
	(2 1 16 1 81)
	(2 1 17 1 82)
	(2 23 18 1 83)
	(2 10 19 4 46 47 58 59)
)

reout=(
        (10 1 20 0 4600 0 0 0 0 0 0 0 0 0 0 0 0 0 0 0 0 0 0 0) #波之间间隔 每波兵之间间隔  兵数  出兵顺序71
        (5 1 20 3 3432 3 3 3 3 3 3 3 3 3 3 3 3 3 3 3 3 3 3 3) #波之间间隔 每波兵之间间隔  兵数  出兵顺序72
	(5 1 20 3 3482 0 4650 3 0 3 0 3 0 3 0 3 0 3 0 3 0 3 0 3 0) #波之间间隔 每波兵之间间隔  兵数  出兵顺序73
        (5 1 20 0 4700 0 0 0 0 0 0 0 0 0 0 0 0 0 0 0 0 0 0 0) #波之间间隔 每波兵之间间隔  兵数  出兵顺序74
        (5 1 20 9 3532 9 9 9 9 9 9 9 9 9 9 9 9 9 9 9 9 9 9 2 60000 ) #波之间间隔 每波兵之间间隔  兵数  出兵顺序75
	(10 1 20 0 4750 0 0 0 0 0 0 0 0 0 0 0 0 0 0 0 0 0 0 0) #波之间间隔 每波兵之间间隔  兵数  出兵顺序76
        (5 1 20 0 4800 6 6200 0 6 0 6 0 6 0 6 0 6 0 6 0 6 0 6 0 6) #波之间间隔 每波兵之间间隔  兵数  出兵顺序77
	(5 1 20 6 7200 6 6 6 6 6 6 6 6 6 3 3582 3 3 3 3 3 3 3 3 3) #波之间间隔 每波兵之间间隔  兵数  出兵顺序78
        (5 1 20 9 3600 9 9 9 9 9 9 9 9 9 9 9 9 9 9 9 9 9 9 9) #波之间间隔 每波兵之间间隔  兵数  出兵顺序79
        (5 1 11 9 3600 9 9 9 9 9 9 9 9 11 110000 12 3000 ) #波之间间隔 每波兵之间间隔  兵数  出兵顺序80
        (10 1 20 0 4600 0 0 0 0 0 0 0 0 0 0 0 0 0 0 0 0 0 0 0) #波之间间隔 每波兵之间间隔  兵数  出兵顺序81
        (5 1 20 3 3432 3 3 3 3 3 3 3 3 3 3 3 3 3 3 3 3 3 3 3) #波之间间隔 每波兵之间间隔  兵数  出兵顺序82
	(5 1 20 3 3482 0 4650 3 0 3 0 3 0 3 0 3 0 3 0 3 0 3 0 3 0) #波之间间隔 每波兵之间间隔  兵数  出兵顺序83
        (5 1 20 0 4700 0 0 0 0 0 0 0 0 0 0 0 0 0 0 0 0 0 0 0) #波之间间隔 每波兵之间间隔  兵数  出兵顺序84
        (5 1 20 9 3532 9 9 9 9 9 9 9 9 9 9 9 9 9 9 9 9 9 9 2 70000 ) #波之间间隔 每波兵之间间隔  兵数  出兵顺序85
	(10 1 20 0 4750 0 0 0 0 0 0 0 0 0 0 0 0 0 0 0 0 0 0 0) #波之间间隔 每波兵之间间隔  兵数  出兵顺序86
        (5 1 20 0 4800 6 6200 0 6 0 6 0 6 0 6 0 6 0 6 0 6 0 6 0 6) #波之间间隔 每波兵之间间隔  兵数  出兵顺序87
	(5 1 20 6 7200 6 6 6 6 6 6 6 6 6 3 3582 3 3 3 3 3 3 3 3 3) #波之间间隔 每波兵之间间隔  兵数  出兵顺序88
        (5 1 20 9 3600 9 9 9 9 9 9 9 9 9 9 9 9 9 9 9 9 9 9 9) #波之间间隔 每波兵之间间隔  兵数  出兵顺序89
        (5 1 11 9 3600 9 9 9 14 20000 9 9 9 9 11 30000 15 70000) #波之间间隔 每波兵之间间隔  兵数  出兵顺序90
	(10 1 20 0 5000 0 0 0 0 0 0 0 0 0 0 0 0 0 0 0 0 0 0 0) #波之间间隔 每波兵之间间隔  兵数  出兵顺序91
        (5 1 20 3 3750 3 3 3 3 3 3 3 3 3 3 3 3 3 3 3 3 3 3 3) #波之间间隔 每波兵之间间隔  兵数  出兵顺序92
	(5 1 20 0 5000 0 0 0 0 0 0 0 0 0 3 3750 3 3 3 3 3 3 3 3 3) #波之间间隔 每波兵之间间隔  兵数  出兵顺序93
        (5 1 20 0 5100 0 0 0 0 0 0 0 0 0 0 0 0 0 0 0 0 0 0 0) #波之间间隔 每波兵之间间隔  兵数  出兵顺序94
	(5 1 20 9 3800 9 9 9 9 9 9 9 9 9 9 9 9 9 9 9 9 9 9 2 80000) #波之间间隔 每波兵之间间隔  兵数  出兵顺序95
        (5 1 20 0 5200 0 0 0 0 0 0 0 0 0 0 0 0 0 0 0 0 0 0 0) #波之间间隔 每波兵之间间隔  兵数  出兵顺序96
	(5 1 20 0 5200 6 8000 0 6 0 6 0 6 0 6 0 6 0 6 0 6 0 6 0 6) #波之间间隔 每波兵之间间隔  兵数  出兵顺序97
        (5 1 20 6 8000 6 6 6 6 6 6 6 6 6 3 3900 3 3 3 3 3 3 3 3 3) #波之间间隔 每波兵之间间隔  兵数  出兵顺序98
	(5 1 20 0 5350 0 0 0 0 0 0 0 0 0 0 0 0 0 0 0 0 0 0 0) #波之间间隔 每波兵之间间隔  兵数  出兵顺序99
        (5 1 12 3 4000 3 5 38000 9 4000 9 11 38000 0 5000 0 2 50000 6 7000 6 8 70000  ) #波之间间隔 每波兵之间间隔  兵数  出兵顺序100


)